  4.3893274240000e+02  ms.11r3.b1         3 -1.6907344732046e-05  1.7506631800461e+02  4.0345781596051e+01  1.0019220005112e+00  5.9244302217954e-01
  4.9238525830000e+02  ms.12r3.b1         3  2.9026171225896e-05  3.8768922901882e+01  1.6301592529051e+02  1.1201491311376e+00  7.0120568182922e-01
  5.4583377420000e+02  ms.13r3.b1         3 -1.6907344732046e-05  1.7044915062314e+02  3.6572409493442e+01  1.2283844053403e+00  8.2976788900741e-01
  5.9928229010000e+02  ms.14r3.b1         3  2.9026171225896e-05  3.4209917751927e+01  1.8368492373540e+02  1.3593377942981e+00  9.3654502387706e-01
  6.5273080600000e+02  ms.15r3.b1         3 -1.6907344732046e-05  1.7740783873568e+02  3.3411343269326e+01  1.4726290520145e+00  1.0634271352706e+00
  7.0617932190000e+02  ms.16r3.b1         3  2.9026171225896e-05  3.1654099920873e+01  1.6832053459152e+02  1.6068776038129e+00  1.1823231288574e+00
  7.5962783780000e+02  ms.17r3.b1         3 -1.6907344732046e-05  1.7047571227451e+02  3.6203490153608e+01  1.7286779201501e+00  1.3097851892254e+00
  8.1307635370000e+02  ms.18r3.b1         3  2.9026171225896e-05  3.4211025061126e+01  1.8535312628337e+02  1.8596153236285e+00  1.4166318019867e+00
  8.6652486960000e+02  ms.19r3.b1         3 -1.6907344732046e-05  1.7738270526317e+02  3.3827144745393e+01  1.9729140439663e+00  1.5417882602694e+00
  9.1997338550000e+02  ms.20r3.b1         3  2.9026171225896e-05  3.1658187220243e+01  1.6694179437784e+02  2.1071640398346e+00  1.6603797635777e+00
  9.7342190140000e+02  ms.21r3.b1         3 -1.6907344732046e-05  1.7049400210991e+02  3.5753142129600e+01  2.2289462699487e+00  1.7895627855344e+00
  1.0268704170000e+03  ms.22r3.b1         3  2.9026171225896e-05  3.4292642755702e+01  1.8599580732855e+02  2.3598463755879e+00  1.8968456549104e+00
  1.0803189330000e+03  ms.23r3.b1         3 -1.6907344732046e-05  1.7880042723614e+02  3.2566810342697e+01  2.4723132121238e+00  2.0249460726336e+00
  1.1337674490000e+03  ms.24r3.b1         3  2.9026171225896e-05  3.0317658646554e+01  1.6707565940825e+02  2.6099761509985e+00  2.1461488636542e+00
  1.1872159650000e+03  ms.25r3.b1         3 -1.6907344732046e-05  1.7122727838423e+02  3.5450819516524e+01  2.7346484087263e+00  2.2761266743826e+00
  1.2406644810000e+03  ms.26r3.b1         3  2.9026171225896e-05  3.4327463519670e+01  1.8716401430430e+02  2.8650951959146e+00  2.3835516292297e+00
  1.2941129970000e+03  ms.27r3.b1         3 -1.6907344732046e-05  1.7805845824091e+02  3.2890821028839e+01  2.9777757930423e+00  2.5103258924303e+00
  1.3475615130000e+03  ms.28r3.b1         3  2.9026171225896e-05  3.0292956785274e+01  1.6606099529594e+02  3.1159050742417e+00  2.6312407656988e+00
  1.4544585450000e+03  ms.30r3.b1         3  2.9026171225896e-05  3.4350502581171e+01  1.8801213457077e+02  3.3703226119894e+00  2.8703049459240e+00
  1.5079070600000e+03  ms.31r3.b1         3 -1.6907344732046e-05  1.7730834965209e+02  3.3246736526850e+01  3.4832455658031e+00  2.9958452467915e+00
  1.5613555760000e+03  ms.32r3.b1         3  2.9026171225896e-05  3.0269069231898e+01  1.6538781497544e+02  3.6218461051753e+00  3.1162545820141e+00
  1.6682526080000e+03  ms.34l4.b1         3  2.9026171225896e-05  3.4369844217819e+01  1.8850655874682e+02  3.8755544707235e+00  3.3571315049007e+00
  1.7751496400000e+03  ms.32l4.b1         3  2.9026171225896e-05  3.0258689703396e+01  1.6507291514635e+02  4.1277806886707e+00  3.6012252221054e+00
  1.8285981560000e+03  ms.31l4.b1         3 -1.6907344732046e-05  1.7349983411542e+02  3.4345803496914e+01  4.2515671962870e+00  3.7349965832652e+00
  1.8820466720000e+03  ms.30l4.b1         3  2.9026171225896e-05  3.4377813343421e+01  1.8863691395447e+02  4.3807750688140e+00  3.8439540926839e+00
  1.9889437040000e+03  ms.28l4.b1         3  2.9026171225896e-05  3.0255732104948e+01  1.6512305634820e+02  4.6337105505950e+00  4.0861864010810e+00
  2.0423922200000e+03  ms.27l4.b1         3 -1.6907344732046e-05  1.7427969363851e+02  3.3941671703045e+01  4.7571541102262e+00  4.2209895368229e+00
  2.0958407350000e+03  ms.26l4.b1         3  2.9026171225896e-05  3.4369701376454e+01  1.8840837466701e+02  4.8860062967606e+00  4.3307993060631e+00
  2.1492892510000e+03  ms.25l4.b1         3 -1.6907344732046e-05  1.7498671881109e+02  3.4434548284219e+01  4.9997963387507e+00  4.4534127793095e+00
  2.2027377670000e+03  ms.24l4.b1         3  2.9026171225896e-05  3.0271281471214e+01  1.6553524577707e+02  5.1396462293233e+00  4.5711641552385e+00
  2.2561862830000e+03  ms.23l4.b1         3 -1.6907344732046e-05  1.7505418857127e+02  3.3547331706795e+01  5.2627044406802e+00  4.7067991861378e+00
  2.3096347990000e+03  ms.22l4.b1         3  2.9026171225896e-05  3.4354529883546e+01  1.8781280520953e+02  5.3912239336292e+00  4.8175905432162e+00
  2.3630833150000e+03  ms.21l4.b1         3 -1.6907344732046e-05  1.7454194992997e+02  3.4752427860221e+01  5.5053481251670e+00  4.9396070668244e+00
  2.4165318310000e+03  ms.20l4.b1         3  2.9026171225896e-05  3.1512562797236e+01  1.6523877339486e+02  5.6414752079485e+00  5.0569790077887e+00
  2.4699803470000e+03  ms.19l4.b1         3 -1.6907344732046e-05  1.7335983015097e+02  3.4788222910091e+01  5.7623412910069e+00  5.1893813147914e+00
  2.5234288630000e+03  ms.18l4.b1         3  2.9026171225896e-05  3.4355087166207e+01  1.8757368538861e+02  5.8914996583720e+00  5.2980162727177e+00
  2.5768773790000e+03  ms.17l4.b1         3 -1.6907344732046e-05  1.7451119150629e+02  3.5340622834262e+01  6.0056348246218e+00  5.4188526661617e+00
  2.6303258940000e+03  ms.16l4.b1         3  2.9026171225896e-05  3.1518855006584e+01  1.6585975362121e+02  6.1417608873784e+00  5.5347547155573e+00
  2.6837744100000e+03  ms.15l4.b1         3 -1.6907344732046e-05  1.7338174160910e+02  3.4215807395758e+01  6.2626021194985e+00  5.6682863166323e+00
  2.7372229260000e+03  ms.14l4.b1         3  2.9026171225896e-05  3.4354371759405e+01  1.8657592878616e+02  6.3917520052537e+00  5.7783529415007e+00
  2.7906714420000e+03  ms.13l4.b1         3 -1.6907344732046e-05  1.7437947892063e+02  3.5916423370357e+01  6.5058981334147e+00  5.8984197264196e+00
  2.8441199580000e+03  ms.12l4.b1         3  2.9026171225896e-05  3.0983414914896e+01  1.6816105391620e+02  6.6434524951522e+00  6.0124005641088e+00
  2.8988394740000e+03  ms.11l4.b1         3 -1.6907344732046e-05  1.6379470853484e+02  3.7723075544846e+01  6.7674652635660e+00  6.1466028276845e+00
  3.7707859590000e+03  ms.11r4.b1         3  1.8313050721093e-05  3.6664594378757e+01  1.4394102058189e+02  8.3725483602676e+00  7.3182592406187e+00
  3.8242384750000e+03  ms.12r4.b1         3 -1.1117776167289e-05  1.3700914888755e+02  2.9409551284955e+01  8.4998991250234e+00  7.4836942527767e+00
  3.8776869910000e+03  ms.13r4.b1         3  6.7353883878780e-05  3.1215725284460e+01  2.1847018151463e+02  8.6647843303645e+00  7.5926211603083e+00
  3.9311355060000e+03  ms.14r4.b1         3 -4.6262444198976e-05  2.3488043837066e+02  3.1056230063899e+01  8.7659887105925e+00  7.7118205262264e+00
  3.9845840220000e+03  ms.15r4.b1         3  1.8313050721093e-05  3.7085342951052e+01  1.4184916810136e+02  8.8685810082852e+00  7.8507503774113e+00
  4.0380325380000e+03  ms.16r4.b1         3 -1.1117776167289e-05  1.3341958230895e+02  3.5767536872443e+01  8.9971868129687e+00  7.9950283125473e+00
  4.0914810540000e+03  ms.17r4.b1         3  6.7353883878780e-05  3.1225291598322e+01  2.1846471264247e+02  9.1647642914988e+00  8.0925882270123e+00
  4.1449295700000e+03  ms.18r4.b1         3 -4.6262444198976e-05  2.3486288373397e+02  3.1066891729009e+01  9.2659546778788e+00  8.2117635718780e+00
  4.1983780860000e+03  ms.19r4.b1         3  1.8313050721093e-05  3.7098404803915e+01  1.4183473397772e+02  9.3685303570920e+00  8.3506704690195e+00
  4.2518266020000e+03  ms.20r4.b1         3 -1.1117776167289e-05  1.3344144205817e+02  3.5757081645724e+01  9.4970933052173e+00  8.4949885902866e+00
  4.3052751180000e+03  ms.21r4.b1         3  6.7353883878780e-05  3.1209580093412e+01  2.1847590314147e+02  9.6647129865789e+00  8.5925599075763e+00
  4.3587236340000e+03  ms.22r4.b1         3 -4.6262444198976e-05  2.3486314004492e+02  3.1060834439980e+01  9.7659332603580e+00  8.7117463750753e+00
  4.4121721500000e+03  ms.23r4.b1         3  1.8313050721093e-05  3.7091110882142e+01  1.4184335428202e+02  9.8685206628360e+00  8.8506660454363e+00
  4.4656206660000e+03  ms.24r4.b1         3 -1.1117776167289e-05  1.3343485742818e+02  3.5762913628545e+01  9.9971039856444e+00  8.9949612893228e+00
  4.5190691810000e+03  ms.25r4.b1         3  6.7353883878780e-05  3.1219147828509e+01  2.1847041683968e+02  1.0164692951971e+01  9.0925269764754e+00
  4.5725176970000e+03  ms.26r4.b1         3 -4.6262444198976e-05  2.3484557195553e+02  3.1071498315576e+01  1.0265899226621e+01  9.2116894249820e+00
  4.6259662130000e+03  ms.27r4.b1         3  1.8313050721093e-05  3.7104177095360e+01  1.4182894074012e+02  1.0368470009313e+01  9.3505861335742e+00
  4.6794147290000e+03  ms.28r4.b1         3 -1.1117776167289e-05  1.3345675213053e+02  3.5752458335126e+01  1.0497010465414e+01  9.4949215585561e+00
  4.7328632450000e+03  ms.29r4.b1         3  6.7353883878780e-05  3.1203436408827e+01  2.1848160020301e+02  1.0664641627744e+01  9.5924986554887e+00
  4.8397602770000e+03  ms.31r4.b1         3  1.8313050721093e-05  3.7112097974081e+01  1.4182999331036e+02  1.0868435984968e+01  9.8505870880372e+00
  4.8932087930000e+03  ms.32r4.b1         3 -1.1117776167289e-05  1.3346402354009e+02  3.5759190288407e+01  1.0996954054117e+01  9.9949024939227e+00
  4.9466573090000e+03  ms.33r4.b1         3  6.7353883878780e-05  3.1200207620526e+01  2.1848797768567e+02  1.1164597296225e+01  1.0092469509137e+01
  5.0535543400000e+03  ms.33l5.b1         3  1.8313050721093e-05  3.7114413032549e+01  1.4182085777666e+02  1.1368402483638e+01  1.0350503339896e+01
  5.1604513720000e+03  ms.31l5.b1         3  6.7353883878780e-05  3.1194928793854e+01  2.1848813342106e+02  1.1664557122630e+01  1.0592439366618e+01
  5.2138998880000e+03  ms.30l5.b1         3 -4.6262444198976e-05  2.3482573866842e+02  3.1069897701321e+01  1.1765814351924e+01  1.0711600117578e+01
  5.2673484040000e+03  ms.29l5.b1         3  1.8313050721093e-05  3.7105217256042e+01  1.4183131480254e+02  1.1868388535713e+01  1.0850500165825e+01
  5.3742454360000e+03  ms.27l5.b1         3  6.7353883878780e-05  3.1203586774865e+01  2.1848441138302e+02  1.2164541117762e+01  1.1092405946865e+01
  5.4276939520000e+03  ms.26l5.b1         3 -4.6262444198976e-05  2.3480985176582e+02  3.1080659032238e+01  1.2265785623313e+01  1.1211541867299e+01
  5.4811424680000e+03  ms.25l5.b1         3  1.8313050721093e-05  3.7119544945253e+01  1.4181573617649e+02  1.2368340741285e+01  1.1350419448271e+01
  5.5345909840000e+03  ms.24l5.b1         3 -1.1117776167289e-05  1.3349141947658e+02  3.5743445770609e+01  1.2496825153164e+01  1.1494789996307e+01
  5.5880395000000e+03  ms.23l5.b1         3  6.7353883878780e-05  3.1187875517769e+01  2.1849557802718e+02  1.2664489747515e+01  1.1592377625859e+01
  5.6414880150000e+03  ms.22l5.b1         3 -4.6262444198976e-05  2.3481007107118e+02  3.1074596241832e+01  1.2765764191992e+01  1.1711524674064e+01
  5.6949365310000e+03  ms.21l5.b1         3  1.8313050721093e-05  3.7112225193959e+01  1.4182437272625e+02  1.2868331071018e+01  1.1850415024646e+01
  5.7483850470000e+03  ms.20l5.b1         3 -1.1117776167289e-05  1.3348481317106e+02  3.5749269374064e+01  1.2996835901983e+01  1.1994762680675e+01
  5.8018335630000e+03  ms.19l5.b1         3  6.7353883878780e-05  3.1197448601095e+01  2.1849004122951e+02  1.3164469729862e+01  1.2092344703040e+01
  5.8552820790000e+03  ms.18l5.b1         3 -4.6262444198976e-05  2.3479243608760e+02  3.1085269215301e+01  1.3265730159127e+01  1.2211467755594e+01
  5.9087305950000e+03  ms.17l5.b1         3  1.8313050721093e-05  3.7125308539227e+01  1.4181000976488e+02  1.3368280428270e+01  1.2350335103558e+01
  5.9621791110000e+03  ms.16l5.b1         3 -1.1117776167289e-05  1.3350681744559e+02  3.5738817218496e+01  1.3496742346556e+01  1.2494722938958e+01
  6.0156276270000e+03  ms.15l5.b1         3  6.7353883878780e-05  3.1181736917558e+01  2.1850120235277e+02  1.3664418337921e+01  1.2592316379911e+01
  6.0690761430000e+03  ms.14l5.b1         3 -4.6262444198976e-05  2.3479263785875e+02  3.1079205690216e+01  1.3765708723181e+01  1.2711450566229e+01
  6.1225246590000e+03  ms.13l5.b1         3  1.8313050721093e-05  3.6924521305813e+01  1.4250928025230e+02  1.3868314345148e+01  1.2850320230629e+01
  6.1759731740000e+03  ms.12l5.b1         3 -1.1117776167289e-05  1.3096857361632e+02  3.8803629981978e+01  1.3999279701312e+01  1.2985869169249e+01
  6.2306926900000e+03  ms.11l5.b1         3  6.7353883878780e-05  3.6528776844003e+01  2.0744739447672e+02  1.4162718860286e+01  1.3080637977549e+01
  7.1035090900000e+03  ms.11r5.b1         3 -4.1854324723232e-05  2.4070462341381e+02  3.0655092569771e+01  1.6264644887059e+01  1.5198457253443e+01
  7.1569645740000e+03  ms.12r5.b1         3  1.8313050721093e-05  3.4139362562279e+01  1.4045160688262e+02  1.6370879386172e+01  1.5339520686655e+01
  7.2104160590000e+03  ms.13r5.b1         3 -1.1117776167289e-05  1.2929865198310e+02  3.5670032594750e+01  1.6509774369271e+01  1.5484946215465e+01
  7.2638675430000e+03  ms.14r5.b1         3  7.8909313571852e-05  3.5108268237931e+01  2.1895372918508e+02  1.6666291367895e+01  1.5582537582518e+01
  7.3173190270000e+03  ms.15r5.b1         3 -4.1854324723232e-05  2.3903428458719e+02  3.1172687574450e+01  1.6759959820849e+01  1.5701305909168e+01
  7.3707705110000e+03  ms.16r5.b1         3  1.8313050721093e-05  3.3189278711206e+01  1.4150805352175e+02  1.6868363949186e+01  1.5840119647154e+01
  7.4242219950000e+03  ms.17r5.b1         3 -1.1117776167289e-05  1.2930186979593e+02  3.5666876152858e+01  1.7009820825641e+01  1.5984941942494e+01
  7.4776734790000e+03  ms.18r5.b1         3  7.8909313571852e-05  3.5117127403555e+01  2.1895281825180e+02  1.7166310458916e+01  1.6082541199878e+01
  7.5311249630000e+03  ms.19r5.b1         3 -4.1854324723232e-05  2.3903778415518e+02  3.1171922969290e+01  1.7259964385413e+01  1.6201311151334e+01
  7.5845764470000e+03  ms.20r5.b1         3  1.8313050721093e-05  3.3198144436004e+01  1.4149979020320e+02  1.7368350337681e+01  1.6340132738910e+01
  7.6380279310000e+03  ms.21r5.b1         3 -1.1117776167289e-05  1.2929718290867e+02  3.5672174340602e+01  1.7509784721256e+01  1.6484945938188e+01
  7.6914794150000e+03  ms.22r5.b1         3  7.8909313571852e-05  3.5110847031207e+01  2.1895162488509e+02  1.7666294294443e+01  1.6582534483493e+01
  7.7449309000000e+03  ms.23r5.b1         3 -4.1854324723232e-05  2.3903696212253e+02  3.1170573574214e+01  1.7759958252358e+01  1.6701308511487e+01
  7.7983823840000e+03  ms.24r5.b1         3  1.8313050721093e-05  3.3186922652762e+01  1.4151031522353e+02  1.7868366237980e+01  1.6840127159577e+01
  7.8518338680000e+03  ms.25r5.b1         3 -1.1117776167289e-05  1.2930040324831e+02  3.5669019070704e+01  1.8009831182649e+01  1.6984941671246e+01
  7.9052853520000e+03  ms.26r5.b1         3  7.8909313571852e-05  3.5119708597858e+01  2.1895070889652e+02  1.8166313390211e+01  1.7082538103301e+01
  7.9587368360000e+03  ms.27r5.b1         3 -4.1854324723232e-05  2.3904046079310e+02  3.1169809405660e+01  1.8259962818529e+01  1.7201313753805e+01
  8.0121883200000e+03  ms.28r5.b1         3  1.8313050721093e-05  3.3195787947234e+01  1.4150205349411e+02  1.8368352626623e+01  1.7340140250248e+01
  8.1190912880000e+03  ms.30r5.b1         3  7.8909313571852e-05  3.5111951222034e+01  2.1895215690477e+02  1.8666302331959e+01  1.7582530747379e+01
  8.1725427720000e+03  ms.31r5.b1         3 -4.1854324723232e-05  2.3903982436189e+02  3.1168644855601e+01  1.8759963983498e+01  1.7701309144805e+01
  8.2259942560000e+03  ms.32r5.b1         3  1.8313050721093e-05  3.3186061270006e+01  1.4151081497108e+02  1.8868372868652e+01  1.7840133325245e+01
  8.3328972250000e+03  ms.34l6.b1         3  7.8909313571852e-05  3.5122827986092e+01  2.1894765680416e+02  1.9166314493683e+01  1.8082535247162e+01
  8.4398001930000e+03  ms.32l6.b1         3  1.8313050721093e-05  3.3186113251685e+01  1.4150843410357e+02  1.9368366281786e+01  1.8340145566679e+01
  8.4932516770000e+03  ms.31l6.b1         3 -1.1117776167289e-05  1.2929376403096e+02  3.5675978402705e+01  1.9509838776916e+01  1.8484941605588e+01
  8.5467031610000e+03  ms.30l6.b1         3  7.8909313571852e-05  3.5123385701383e+01  2.1894092883466e+02  1.9666308847659e+01  1.8582526913786e+01
  8.6536061290000e+03  ms.28l6.b1         3  1.8313050721093e-05  3.3185421874608e+01  1.4151337723811e+02  1.9868361926202e+01  1.8840144037190e+01
  8.7070576130000e+03  ms.27l6.b1         3 -1.1117776167289e-05  1.2929748831042e+02  3.5673523474260e+01  2.0009833515350e+01  1.8984943410397e+01
  8.7605090970000e+03  ms.26l6.b1         3  7.8909313571852e-05  3.5121664252717e+01  2.1894883475384e+02  2.0166311760929e+01  1.9082533252140e+01
  8.8139605810000e+03  ms.25l6.b1         3 -4.1854324723232e-05  2.3904583668318e+02  3.1165522993271e+01  2.0259957039840e+01  1.9201319651405e+01
  8.8674120660000e+03  ms.24l6.b1         3  1.8313050721093e-05  3.3194285865147e+01  1.4150511568631e+02  2.0368348319323e+01  1.9340157131878e+01
  8.9208635500000e+03  ms.23l6.b1         3 -1.1117776167289e-05  1.2929279087071e+02  3.5678823961444e+01  2.0509797417097e+01  1.9484947410825e+01
  8.9743150340000e+03  ms.22l6.b1         3  7.8909313571852e-05  3.5115385724628e+01  2.1894763864549e+02  2.0666295605001e+01  1.9582526537775e+01
  9.0277665180000e+03  ms.21l6.b1         3 -4.1854324723232e-05  2.3904501928519e+02  3.1164174357108e+01  2.0759950907397e+01  1.9701317010828e+01
  9.0812180020000e+03  ms.20l6.b1         3  1.8313050721093e-05  3.3183066522198e+01  1.4151564199256e+02  2.0868364213161e+01  1.9840151550055e+01
  9.1346694860000e+03  ms.19l6.b1         3 -1.1117776167289e-05  1.2929602300665e+02  3.5675666871618e+01  2.1009843870520e+01  1.9984943138877e+01
  9.1881209700000e+03  ms.18l6.b1         3  7.8909313571852e-05  3.5124245937891e+01  2.1894672590617e+02  2.1166314690624e+01  2.0082530155054e+01
  9.2415724540000e+03  ms.17l6.b1         3 -4.1854324723232e-05  2.3904851600987e+02  3.1163410037620e+01  2.1259955471094e+01  2.0201322253985e+01
  9.2950239380000e+03  ms.16l6.b1         3  1.8313050721093e-05  3.3191930017810e+01  1.4150738453698e+02  2.1368350600499e+01  2.0340164640276e+01
  9.3484754220000e+03  ms.15l6.b1         3 -1.1117776167289e-05  1.2929132468269e+02  3.5680965447602e+01  2.1509807768957e+01  2.0484947134778e+01
  9.4019269060000e+03  ms.14l6.b1         3  7.8909313571852e-05  3.5117965065988e+01  2.1894553650744e+02  2.1666298531408e+01  2.0582523440747e+01
  9.4553783910000e+03  ms.13l6.b1         3 -4.1854324723232e-05  2.3903180076720e+02  3.1164271913701e+01  2.1759949424090e+01  2.0701318908867e+01
  9.5088298750000e+03  ms.12l6.b1         3  1.8313050721093e-05  3.3396924250751e+01  1.4043426981606e+02  2.1868423755379e+01  2.0840143932687e+01
  9.5635523590000e+03  ms.11l6.b1         3 -1.1117776167289e-05  1.2745818684531e+02  3.3497005716796e+01  2.2007615898079e+01  2.1007226348411e+01
  1.0435514670000e+04  ms.11r6.b1         3  2.9026171225896e-05  3.6862198393629e+01  1.8015107760529e+02  2.3679248223546e+01  2.2427801744614e+01
  1.0488970160000e+04  ms.12r6.b1         3 -1.6907344732046e-05  1.7321576381647e+02  3.2802139106582e+01  2.3789258708113e+01  2.2557713336633e+01
  1.0542421640000e+04  ms.13r6.b1         3  2.9026171225896e-05  3.0281082769430e+01  1.7036355173181e+02  2.3929967076605e+01  2.2677004796427e+01
  1.0595873130000e+04  ms.14r6.b1         3 -1.6907344732046e-05  1.7813197880973e+02  3.3231897944328e+01  2.4051499921820e+01  2.2811096722734e+01
  1.0649324610000e+04  ms.15r6.b1         3  2.9026171225896e-05  3.2486668801341e+01  1.8344540419450e+02  2.4183768619845e+01  2.2923724634663e+01
  1.0702776090000e+04  ms.16r6.b1         3 -1.6907344732046e-05  1.7739494880734e+02  2.7854085835005e+01  2.4300414521377e+01  2.3067544840112e+01
  1.0756227580000e+04  ms.17r6.b1         3  2.9026171225896e-05  3.0307968312130e+01  1.7414133667706e+02  2.4439373723901e+01  2.3197497964655e+01
  1.0809679060000e+04  ms.18r6.b1         3 -1.6907344732046e-05  1.7884282561276e+02  3.3363195987567e+01  2.4560536394298e+01  2.3329313907028e+01
  1.0863130550000e+04  ms.19r6.b1         3  2.9026171225896e-05  3.2458994159757e+01  1.7951493474402e+02  2.4692532095164e+01  2.3443156730093e+01
  1.0916582030000e+04  ms.20r6.b1         3 -1.6907344732046e-05  1.7669030132039e+02  2.7809397079825e+01  2.4809525092303e+01  2.3589364296157e+01
  1.0970033510000e+04  ms.21r6.b1         3  2.9026171225896e-05  3.0336109149853e+01  1.7816694931186e+02  2.4948773704873e+01  2.3717537303911e+01
  1.1023485000000e+04  ms.22r6.b1         3 -1.6907344732046e-05  1.7988633812415e+02  3.3249910303353e+01  2.5069563491181e+01  2.3847538934504e+01
  1.1076936480000e+04  ms.23r6.b1         3  2.9026171225896e-05  3.3774621353374e+01  1.7446104230371e+02  2.5197522761212e+01  2.3963782414613e+01
  1.1130387970000e+04  ms.24r6.b1         3 -1.6907344732046e-05  1.7462900666052e+02  2.9413030208878e+01  2.5312654008544e+01  2.4107003110808e+01
  1.1183839450000e+04  ms.25r6.b1         3  2.9026171225896e-05  3.0372720425669e+01  1.7993817480265e+02  2.5452709786621e+01  2.4230067241950e+01
  1.1237290940000e+04  ms.26r6.b1         3 -1.6907344732046e-05  1.8033839706576e+02  3.3143902785599e+01  2.5573219610975e+01  2.4359503240854e+01
  1.1290742420000e+04  ms.27r6.b1         3  2.9026171225896e-05  3.3741665919109e+01  1.7271746988675e+02  2.5701051578248e+01  2.4476695143712e+01
  1.1344193900000e+04  ms.28r6.b1         3 -1.6907344732046e-05  1.7418181239553e+02  2.9542551439192e+01  2.5816432228735e+01  2.4620484637761e+01
  1.1397645390000e+04  ms.29r6.b1         3  2.9026171225896e-05  3.0400762271758e+01  1.8164550974552e+02  2.5956645535352e+01  2.4742480726768e+01
  1.1504548360000e+04  ms.31r6.b1         3  2.9026171225896e-05  3.3710200848165e+01  1.7107111409962e+02  2.6204598676739e+01  2.4989765991748e+01
  1.1557999840000e+04  ms.32r6.b1         3 -1.6907344732046e-05  1.7373004057185e+02  2.9724335278273e+01  2.6320228339536e+01  2.5133903749365e+01
  1.1611451320000e+04  ms.33r6.b1         3  2.9026171225896e-05  3.0441320886603e+01  1.8321453837005e+02  2.6460564201385e+01  2.5254779143797e+01
  1.1718354290000e+04  ms.33l7.b1         3  2.9026171225896e-05  3.3667139056444e+01  1.6957794901972e+02  2.6708140637802e+01  2.5502926114912e+01
  1.1825257260000e+04  ms.31l7.b1         3  2.9026171225896e-05  3.0482751151494e+01  1.8462652910132e+02  2.6964484376011e+01  2.5766982201093e+01
  1.1878708740000e+04  ms.30l7.b1         3 -1.6907344732046e-05  1.8166940301456e+02  3.2549105790738e+01  2.7084173385483e+01  2.5895780069038e+01
  1.1932160230000e+04  ms.29l7.b1         3  2.9026171225896e-05  3.3620797825377e+01  1.6826707032026e+02  2.7211696428500e+01  2.6016227793215e+01
  1.2039063200000e+04  ms.27l7.b1         3  2.9026171225896e-05  3.0530735962932e+01  1.8582946818491e+02  2.7468408314505e+01  2.6279091014206e+01
  1.2092514680000e+04  ms.26l7.b1         3 -1.6907344732046e-05  1.8209119403235e+02  3.2283705413697e+01  2.7587808232709e+01  2.6408030437715e+01
  1.2145966170000e+04  ms.25l7.b1         3  2.9026171225896e-05  3.3576226958261e+01  1.6716851750405e+02  2.7715248787291e+01  2.6529592514369e+01
  1.2199417650000e+04  ms.24l7.b1         3 -1.6907344732046e-05  1.7244652705235e+02  3.0473940014957e+01  2.7831688813013e+01  2.6673545257464e+01
  1.2252869130000e+04  ms.23l7.b1         3  2.9026171225896e-05  3.0573018887816e+01  1.8681644997148e+02  2.7972324087810e+01  2.6791136362516e+01
  1.2306320620000e+04  ms.22l7.b1         3 -1.6907344732046e-05  1.8251000446563e+02  3.1987691431184e+01  2.8091451336006e+01  2.6920403682515e+01
  1.2359772100000e+04  ms.21l7.b1         3  2.9026171225896e-05  3.3607666393660e+01  1.6593500457348e+02  2.8218800585416e+01  2.7043070526571e+01
  1.2413223590000e+04  ms.20l7.b1         3 -1.6907344732046e-05  1.7344926692391e+02  2.9412790076093e+01  2.8334631854214e+01  2.7191670815894e+01
  1.2466675070000e+04  ms.19l7.b1         3  2.9026171225896e-05  2.9378300279022e+01  1.9046937101849e+02  2.8478856843413e+01  2.7310272033942e+01
  1.2520126550000e+04  ms.18l7.b1         3 -1.6907344732046e-05  1.8393929306892e+02  3.1428071033202e+01  2.8600251671043e+01  2.7439539423870e+01
  1.2573578040000e+04  ms.17l7.b1         3  2.9026171225896e-05  3.3475122926933e+01  1.6411741790957e+02  2.8727285022759e+01  2.7564451699181e+01
  1.2627029520000e+04  ms.16l7.b1         3 -1.6907344732046e-05  1.7205574228420e+02  3.0002689783644e+01  2.8843973175971e+01  2.7712107143822e+01
  1.2680481010000e+04  ms.15l7.b1         3  2.9026171225896e-05  2.9517017043691e+01  1.9188653603792e+02  2.8988539680496e+01  2.7828730869738e+01
  1.2733932490000e+04  ms.14l7.b1         3 -1.6907344732046e-05  1.8530590200306e+02  3.0809498473987e+01  2.9109018418513e+01  2.7959051702011e+01
  1.2787383970000e+04  ms.13l7.b1         3  2.9026171225896e-05  3.3059784537726e+01  1.6436971369991e+02  2.9235903302813e+01  2.8086031228835e+01
  1.2840835460000e+04  ms.12l7.b1         3 -1.6907344732046e-05  1.6521773836526e+02  3.5821001809763e+01  2.9356475197912e+01  2.8216712025104e+01
  1.2895557940000e+04  ms.11l7.b1         3  2.9026171225896e-05  3.1565215006129e+01  1.8411515748175e+02  2.9509993870114e+01  2.8322713446519e+01
  1.3768382260000e+04  ms.11r7.b1         3 -1.6907344732046e-05  1.6543596878029e+02  3.7193102768412e+01  3.1412857464462e+01  2.9825001844499e+01
  1.3821837740000e+04  ms.12r7.b1         3  2.9026171225896e-05  3.0340818415843e+01  1.7857622228309e+02  3.1557974404967e+01  2.9932446398819e+01
  1.3875289230000e+04  ms.13r7.b1         3 -1.6907344732046e-05  1.8652190298520e+02  2.9310796617227e+01  3.1675871242360e+01  3.0073949819964e+01
  1.3928740710000e+04  ms.14r7.b1         3  2.9026171225896e-05  3.1753780291931e+01  1.7731044005840e+02  3.1806141085071e+01  3.0198262373932e+01
  1.3982192190000e+04  ms.15r7.b1         3 -1.6907344732046e-05  1.6943711701630e+02  3.1632553167851e+01  3.1927868759538e+01  3.0333193498418e+01
  1.4035643680000e+04  ms.16r7.b1         3  2.9026171225896e-05  3.1151675549066e+01  1.7628899006810e+02  3.2068598168615e+01  3.0452134154011e+01
  1.4089095160000e+04  ms.17r7.b1         3 -1.6907344732046e-05  1.8682105594361e+02  2.9364018637837e+01  3.2184544365122e+01  3.0594652093725e+01
  1.4142546650000e+04  ms.18r7.b1         3  2.9026171225896e-05  3.1579262166892e+01  1.7899216419344e+02  3.2315148161473e+01  3.0718082487983e+01
  1.4195998130000e+04  ms.19r7.b1         3 -1.6907344732046e-05  1.6918969464252e+02  3.1548670346619e+01  3.2437410106831e+01  3.0852404134906e+01
  1.4249449610000e+04  ms.20r7.b1         3  2.9026171225896e-05  3.1336066562778e+01  1.7463757975429e+02  3.2577708574089e+01  3.0972238906793e+01
  1.4302901100000e+04  ms.21r7.b1         3 -1.6907344732046e-05  1.8700517134043e+02  2.9486681149792e+01  3.2693167532230e+01  3.1115279907865e+01
  1.4356352580000e+04  ms.22r7.b1         3  2.9026171225896e-05  3.1318418643289e+01  1.8098799490554e+02  3.2824215912828e+01  3.1237700027464e+01
  1.4409804070000e+04  ms.23r7.b1         3 -1.6907344732046e-05  1.6781606448350e+02  3.3049918333773e+01  3.2947894545571e+01  3.1366885827754e+01
  1.4463255550000e+04  ms.24r7.b1         3  2.9026171225896e-05  3.2844343676966e+01  1.7170842385233e+02  3.3084334946563e+01  3.1484708428364e+01
  1.4516707030000e+04  ms.25r7.b1         3 -1.6907344732046e-05  1.8685024538632e+02  2.9648020516693e+01  3.3196723636570e+01  3.1628729808832e+01
  1.4570158520000e+04  ms.26r7.b1         3  2.9026171225896e-05  3.1245636852142e+01  1.8261018947849e+02  3.3328044121587e+01  3.1750050348781e+01
  1.4623610000000e+04  ms.27r7.b1         3 -1.6907344732046e-05  1.6797558872644e+02  3.2872349463322e+01  3.3451830627007e+01  3.1878940109929e+01
  1.4677061490000e+04  ms.28r7.b1         3  2.9026171225896e-05  3.2924655193116e+01  1.7014536343419e+02  3.3587958849722e+01  3.1997825562579e+01
  1.4783964460000e+04  ms.30r7.b1         3  2.9026171225896e-05  3.1166358530804e+01  1.8409357903081e+02  3.3831864795229e+01  3.2262280471203e+01
  1.4837415940000e+04  ms.31r7.b1         3 -1.6907344732046e-05  1.6816548044121e+02  3.2644968189435e+01  3.3955761840050e+01  3.2391074198654e+01
  1.4890867420000e+04  ms.32r7.b1         3  2.9026171225896e-05  3.2994539843117e+01  1.6876176260539e+02  3.4091593982330e+01  3.2511081502627e+01
  1.4997770390000e+04  ms.34l8.b1         3  2.9026171225896e-05  3.1097393462907e+01  1.8537879251543e+02  3.4335710849567e+01  3.2774433493805e+01
  1.5104673360000e+04  ms.32l8.b1         3  2.9026171225896e-05  3.3066918968847e+01  1.6757539837611e+02  3.4595212340202e+01  3.3024412425119e+01
  1.5158124840000e+04  ms.31l8.b1         3 -1.6907344732046e-05  1.8626616613069e+02  3.0361839706257e+01  3.4707355709075e+01  3.3168492174615e+01
  1.5211576330000e+04  ms.30l8.b1         3  2.9026171225896e-05  3.1024646685230e+01  1.8645285397471e+02  3.4839561993130e+01  3.3286492727770e+01
  1.5318479300000e+04  ms.28l8.b1         3  2.9026171225896e-05  3.3138893702443e+01  1.6662420284946e+02  3.5098821115784e+01  3.3537857486252e+01
  1.5371930780000e+04  ms.27l8.b1         3 -1.6907344732046e-05  1.8603175048585e+02  3.0658226327378e+01  3.5210902430356e+01  3.3681530347823e+01
  1.5425382260000e+04  ms.26l8.b1         3  2.9026171225896e-05  3.0955636451980e+01  1.8727576527172e+02  3.5343413277349e+01  3.3798508984168e+01
  1.5478833750000e+04  ms.25l8.b1         3 -1.6907344732046e-05  1.6883349799840e+02  3.1804523316047e+01  3.5467532040914e+01  3.3928052902254e+01
  1.5532285230000e+04  ms.24l8.b1         3  2.9026171225896e-05  3.3210302610827e+01  1.6592675018510e+02  3.5602412693002e+01  3.4051341555241e+01
  1.5585736720000e+04  ms.23l8.b1         3 -1.6907344732046e-05  1.8577951183807e+02  3.0969074939291e+01  3.5714440380771e+01  3.4194422648576e+01
  1.5639188200000e+04  ms.22l8.b1         3  2.9026171225896e-05  3.0883790723956e+01  1.8783963446788e+02  3.5847273604269e+01  3.4310464714108e+01
  1.5692639690000e+04  ms.21l8.b1         3 -1.6907344732046e-05  1.6878817777240e+02  3.1543732121916e+01  3.5971453274566e+01  3.4440595596844e+01
  1.5746091170000e+04  ms.20l8.b1         3  2.9026171225896e-05  3.2034046584207e+01  1.6639728840347e+02  3.6109877660422e+01  3.4564132149780e+01
  1.5799542650000e+04  ms.19l8.b1         3 -1.6907344732046e-05  1.8724708225405e+02  2.9786328850355e+01  3.6223707612540e+01  3.4711093983415e+01
  1.5852994140000e+04  ms.18l8.b1         3  2.9026171225896e-05  3.0709577185891e+01  1.8942012307716e+02  3.6356531879537e+01  3.4829175849098e+01
  1.5906445620000e+04  ms.17l8.b1         3 -1.6907344732046e-05  1.6910527565806e+02  3.1029677026787e+01  3.6481009952146e+01  3.4959993224332e+01
  1.5959897110000e+04  ms.16l8.b1         3  2.9026171225896e-05  3.2212074575635e+01  1.6516464245389e+02  3.6618737032078e+01  3.5085415717352e+01
  1.6013348590000e+04  ms.15l8.b1         3 -1.6907344732046e-05  1.8686664980716e+02  3.0323058889556e+01  3.6732324938687e+01  3.5231288499112e+01
  1.6066800070000e+04  ms.14l8.b1         3  2.9026171225896e-05  3.0533836983673e+01  1.9027800334240e+02  3.6865834659450e+01  3.5347754656535e+01
  1.6120251560000e+04  ms.13l8.b1         3 -1.6907344732046e-05  1.6993204861225e+02  3.0404243412000e+01  3.6990554135724e+01  3.5479760373404e+01
  1.6173703040000e+04  ms.12l8.b1         3  2.9026171225896e-05  3.3788409329243e+01  1.6425572876883e+02  3.7123025882050e+01  3.5607762471359e+01
  1.6228425530000e+04  ms.11l8.b1         3 -1.6907344732046e-05  1.7341867810476e+02  3.7093229887076e+01  3.7236497627603e+01  3.5745639309502e+01
  1.7100379930000e+04  ms.11r8.b1         3  1.8313050721093e-05  4.1518142700710e+01  1.3769462434972e+02  3.9723895418727e+01  3.8056963738993e+01
  1.7153832440000e+04  ms.12r8.b1         3 -1.1117776167289e-05  1.2252751204020e+02  4.7520980409581e+01  3.9850791213202e+01  3.8178406891570e+01
  1.7207280960000e+04  ms.13r8.b1         3  7.0656527839464e-05  3.2550190854156e+01  2.4312170916971e+02  4.0023245367765e+01  3.8257291423637e+01
  1.7260729470000e+04  ms.14r8.b1         3 -5.0069037995573e-05  2.4437480394360e+02  3.3200112586527e+01  4.0119808300612e+01  3.8364587435843e+01
  1.7314177990000e+04  ms.15r8.b1         3  1.8313050721093e-05  3.6422853005828e+01  1.2713346994668e+02  4.0221119383056e+01  3.8507685380555e+01
  1.7367626510000e+04  ms.16r8.b1         3 -1.1117776167289e-05  1.2753005512703e+02  3.5465798179693e+01  4.0355167725845e+01  3.8665014692517e+01
  1.7421075020000e+04  ms.17r8.b1         3  7.0656527839464e-05  3.2556547380754e+01  2.4310965362671e+02  4.0523219695644e+01  3.8757260146180e+01
  1.7474523540000e+04  ms.18r8.b1         3 -5.0069037995573e-05  2.4435742287799e+02  3.3213290087484e+01  4.0619775855667e+01  3.8864534232675e+01
  1.7527972050000e+04  ms.19r8.b1         3  1.8313050721093e-05  3.6432107869941e+01  1.2713007345115e+02  4.0721075815049e+01  3.9007594570224e+01
  1.7581420570000e+04  ms.20r8.b1         3 -1.1117776167289e-05  1.2754735478071e+02  3.5452223428715e+01  4.0855089592536e+01  3.9164973596998e+01
  1.7634869090000e+04  ms.21r8.b1         3  7.0656527839464e-05  3.2543333365177e+01  2.4311854534239e+02  4.1023177523832e+01  3.9257236283818e+01
  1.7688317600000e+04  ms.22r8.b1         3 -5.0069037995573e-05  2.4436205339940e+02  3.3207821743159e+01  4.1119754966740e+01  3.9364518372886e+01
  1.7741766120000e+04  ms.23r8.b1         3  1.8313050721093e-05  3.6429469556983e+01  1.2713495449169e+02  4.1221058448476e+01  3.9507591885398e+01
  1.7795214630000e+04  ms.24r8.b1         3 -1.1117776167289e-05  1.2754142762663e+02  3.5457759099181e+01  4.1355082650886e+01  3.9664947093012e+01
  1.7848663150000e+04  ms.25r8.b1         3  7.0656527839464e-05  3.2549683805064e+01  2.4310645717651e+02  4.1523151822455e+01  3.9757205047449e+01
  1.7902111660000e+04  ms.26r8.b1         3 -5.0069037995573e-05  2.4434472107556e+02  3.3221007825574e+01  4.1619722502813e+01  3.9864465150773e+01
  1.7955560180000e+04  ms.27r8.b1         3  1.8313050721093e-05  3.6438718470779e+01  1.2713159246366e+02  4.1721014881296e+01  4.0007501070133e+01
  1.8009008700000e+04  ms.28r8.b1         3 -1.1117776167289e-05  1.2755870606260e+02  3.5444214044412e+01  4.1855004537738e+01  4.0164906006203e+01
  1.8062457210000e+04  ms.29r8.b1         3  7.0656527839464e-05  3.2536445595494e+01  2.4311542721170e+02  4.2023109621177e+01  4.0257181139066e+01
  1.8169354240000e+04  ms.31r8.b1         3  1.8313050721093e-05  3.6447763489572e+01  1.2713093571464e+02  4.2220978589219e+01  4.0507502676084e+01
  1.8222802760000e+04  ms.32r8.b1         3 -1.1117776167289e-05  1.2756054676787e+02  3.5450661971776e+01  4.2354944705314e+01  4.0664885980170e+01
  1.8276251280000e+04  ms.33r8.b1         3  7.0656527839464e-05  3.2532609027377e+01  2.4311392217094e+02  4.2523066645873e+01  4.0757152757733e+01
  1.8383148310000e+04  ms.33l1.b1         3  1.8313050721093e-05  3.6450257062596e+01  1.2713076863073e+02  4.2720946028132e+01  4.1007409468471e+01
  1.8490045340000e+04  ms.31l1.b1         3  7.0656527839464e-05  3.2526961075575e+01  2.4311287182919e+02  4.3023027209342e+01  4.1257128086362e+01
  1.8543493860000e+04  ms.30l1.b1         3 -5.0069037995573e-05  2.4433393132676e+02  3.3222949526761e+01  4.3119638818839e+01  4.1364382752716e+01
  1.8596942370000e+04  ms.29l1.b1         3  1.8313050721093e-05  3.6445408975820e+01  1.2713773492924e+02  4.3220923298799e+01  4.1507408519351e+01
  1.8703839400000e+04  ms.27l1.b1         3  7.0656527839464e-05  3.2532099170254e+01  2.4310357136652e+02  4.3523006750637e+01  4.1757096167416e+01
  1.8757287920000e+04  ms.26l1.b1         3 -5.0069037995573e-05  2.4431828811987e+02  3.3236342743166e+01  4.3619613267375e+01  4.1864327741560e+01
  1.8810736430000e+04  ms.25l1.b1         3  1.8313050721093e-05  3.6456273724737e+01  1.2713292905219e+02  4.3720883652864e+01  4.2007316447502e+01
  1.8864184950000e+04  ms.24l1.b1         3 -1.1117776167289e-05  1.2758490904485e+02  3.5428567545425e+01  4.3854812135034e+01  4.2164773513489e+01
  1.8917633470000e+04  ms.23l1.b1         3  7.0656527839464e-05  3.2518867587194e+01  2.4311241945008e+02  4.4022964499703e+01  4.2257072299230e+01
  1.8971081980000e+04  ms.22l1.b1         3 -5.0069037995573e-05  2.4432287970634e+02  3.3230861986566e+01  4.4119592369191e+01  4.2364311900531e+01
  1.9024530500000e+04  ms.21l1.b1         3  1.8313050721093e-05  3.6453595201158e+01  1.2713784144307e+02  4.4220866339101e+01  4.2507313783674e+01
  1.9077979010000e+04  ms.20l1.b1         3 -1.1117776167289e-05  1.2757896118146e+02  3.5434104228997e+01  4.4354805335676e+01  4.2664746966496e+01
  1.9131427530000e+04  ms.19l1.b1         3  7.0656527839464e-05  3.2525234842684e+01  2.4310024852310e+02  4.4522938837188e+01  4.2757041036830e+01
  1.9184876050000e+04  ms.18l1.b1         3 -5.0069037995573e-05  2.4430538312242e+02  3.3244063681527e+01  4.4619559924994e+01  4.2864258735105e+01
  1.9238324560000e+04  ms.17l1.b1         3  1.8313050721093e-05  3.6462868822214e+01  1.2713457118666e+02  4.4720822785028e+01  4.3007222930377e+01
  1.9291773080000e+04  ms.16l1.b1         3 -1.1117776167289e-05  1.2759636122506e+02  3.5420550189675e+01  4.4854727152998e+01  4.3164705860677e+01
  1.9345221590000e+04  ms.15l1.b1         3  7.0656527839464e-05  3.2511991793523e+01  2.4310917447335e+02  4.5022896540570e+01  4.3257017148553e+01
  1.9398670110000e+04  ms.14l1.b1         3 -5.0069037995573e-05  2.4430996406593e+02  3.3238575854153e+01  4.5119539033421e+01  4.3364242886570e+01
  1.9452118630000e+04  ms.13l1.b1         3  1.8313050721093e-05  3.6269227228831e+01  1.2775944968646e+02  4.5220849834726e+01  4.3507208617344e+01
  1.9505567140000e+04  ms.12l1.b1         3 -1.1117776167289e-05  1.2526113265079e+02  3.7955325406694e+01  4.5357363001486e+01  4.3655714610621e+01
  1.9560286660000e+04  ms.11l1.b1         3  7.0656527839464e-05  3.8060664668325e+01  2.2891189740589e+02  4.5521259588125e+01  4.3746477667481e+01
  2.0433103060000e+04  ms.11r1.b1         3 -4.1300237879469e-05  2.4579916054543e+02  2.9099061924838e+01  4.7615280506473e+01  4.5864946345522e+01
  2.0486558540000e+04  ms.12r1.b1         3  1.8313050721093e-05  3.7938375412728e+01  1.3011489619876e+02  4.7713967378394e+01  4.6019692696071e+01
  2.0540010030000e+04  ms.13r1.b1         3 -1.1117776167289e-05  1.2884873865133e+02  3.9153483232051e+01  4.7843735210352e+01  4.6163411053529e+01
  2.0593461510000e+04  ms.14r1.b1         3  7.3813905248769e-05  3.2002436545670e+01  2.3900687607915e+02  4.8012775011627e+01  4.6251515864202e+01
  2.0646912990000e+04  ms.15r1.b1         3 -4.1300237879469e-05  2.4262851099505e+02  2.9479804225521e+01  4.8110689899751e+01  4.6367978639734e+01
  2.0700364480000e+04  ms.16r1.b1         3  1.8313050721093e-05  3.6877622100428e+01  1.3117720677790e+02  4.8211699781482e+01  4.6520392521291e+01
  2.0753815960000e+04  ms.17r1.b1         3 -1.1117776167289e-05  1.2883568697833e+02  3.9164992841007e+01  4.8343768061966e+01  4.6663418736256e+01
  2.0807267450000e+04  ms.18r1.b1         3  7.3813905248769e-05  3.2012051476578e+01  2.3899954880482e+02  4.8512782485154e+01  4.6751511618765e+01
  2.0860718930000e+04  ms.19r1.b1         3 -4.1300237879469e-05  2.4261565809476e+02  2.9487401095290e+01  4.8610683039144e+01  4.6867957672483e+01
  2.0914170410000e+04  ms.20r1.b1         3  1.8313050721093e-05  3.6880757285612e+01  1.3116661417043e+02  4.8711691274717e+01  4.7020352078282e+01
  2.0967621900000e+04  ms.21r1.b1         3 -1.1117776167289e-05  1.2884564083755e+02  3.9155578249488e+01  4.8843745465792e+01  4.7163410507382e+01
  2.1021073380000e+04  ms.22r1.b1         3  7.3813905248769e-05  3.2004802524784e+01  2.3900520529790e+02  4.9012778123289e+01  4.7251513039745e+01
  2.1074524870000e+04  ms.23r1.b1         3 -4.1300237879469e-05  2.4263044095155e+02  2.9477919494673e+01  4.9110688398354e+01  4.7367980945726e+01
  2.1127976350000e+04  ms.24r1.b1         3  1.8313050721093e-05  3.6875045005104e+01  1.3118008753849e+02  4.9211701876210e+01  4.7520399554907e+01
  2.1181427830000e+04  ms.25r1.b1         3 -1.1117776167289e-05  1.2883260560333e+02  3.9167096434367e+01  4.9343778321152e+01  4.7663418196983e+01
  2.1234879320000e+04  ms.26r1.b1         3  7.3813905248769e-05  3.2014414197219e+01  2.3899787451771e+02  4.9512785601294e+01  4.7751508792864e+01
  2.1288330800000e+04  ms.27r1.b1         3 -4.1300237879469e-05  2.4261771408344e+02  2.9485517077296e+01  4.9610681543167e+01  4.7867959895872e+01
  2.1341782290000e+04  ms.28r1.b1         3  1.8313050721093e-05  3.6878180246592e+01  1.3116942949475e+02  4.9711693423017e+01  4.8020359090495e+01
  2.1448685260000e+04  ms.30r1.b1         3  7.3813905248769e-05  3.2008801775978e+01  2.3899962972902e+02  5.0012774157150e+01  4.8251511004856e+01
  2.1502136740000e+04  ms.31r1.b1         3 -4.1300237879469e-05  2.4262947529766e+02  2.9475745987458e+01  5.0110677620180e+01  4.8367985808264e+01
  2.1555588220000e+04  ms.32r1.b1         3  1.8313050721093e-05  3.6870305900288e+01  1.3118526653686e+02  5.0211698852207e+01  4.8520408313102e+01
  2.1662491190000e+04  ms.34l2.b1         3  7.3813905248769e-05  3.2017234065309e+01  2.3899512953825e+02  5.0512786713839e+01  4.8751506197412e+01
  2.1769394160000e+04  ms.32l2.b1         3  1.8313050721093e-05  3.6869413620704e+01  1.3117549414686e+02  5.0711702739736e+01  4.9020363993215e+01
  2.1822845640000e+04  ms.31l2.b1         3 -1.1117776167289e-05  1.2883467324870e+02  3.9159189445736e+01  5.0843791094151e+01  4.9163406351310e+01
  2.1876297130000e+04  ms.30l2.b1         3  7.3813905248769e-05  3.2014862587234e+01  2.3899559102994e+02  5.1012791156826e+01  4.9251506328700e+01
  2.1983200100000e+04  ms.28l2.b1         3  1.8313050721093e-05  3.6873370103562e+01  1.3118470139688e+02  5.1211698209645e+01  4.9520415555916e+01
  2.2036651580000e+04  ms.27l2.b1         3 -1.1117776167289e-05  1.2882951950709e+02  3.9171597957684e+01  5.1343780673666e+01  4.9663419208225e+01
  2.2090103060000e+04  ms.26l2.b1         3  7.3813905248769e-05  3.2016112720990e+01  2.3899681448082e+02  5.1512783707647e+01  4.9751504368512e+01
  2.2143554550000e+04  ms.25l2.b1         3 -4.1300237879469e-05  2.4262083305884e+02  2.9481669205834e+01  5.1610675943334e+01  4.9867965167150e+01
  2.2197006030000e+04  ms.24l2.b1         3  1.8313050721093e-05  3.6876500278000e+01  1.3117408160285e+02  5.1711689696071e+01  5.0020375111669e+01
  2.2250457520000e+04  ms.23l2.b1         3 -1.1117776167289e-05  1.2883947076282e+02  3.9162187016235e+01  5.1843758079693e+01  5.0163410976616e+01
  2.2303909000000e+04  ms.22l2.b1         3  7.3813905248769e-05  3.2008878438650e+01  2.3900238604499e+02  5.2012779417370e+01  5.0251505783288e+01
  2.2357360490000e+04  ms.21l2.b1         3 -4.1300237879469e-05  2.4263565488968e+02  2.9472187138965e+01  5.2110681323197e+01  5.0367988433706e+01
  2.2410811970000e+04  ms.20l2.b1         3  1.8313050721093e-05  3.6870795536508e+01  1.3118757283928e+02  5.2211700301908e+01  5.0520422572643e+01
  2.2464263450000e+04  ms.19l2.b1         3 -1.1117776167289e-05  1.2882643898137e+02  3.9173699493455e+01  5.2343790937030e+01  5.0663418655900e+01
  2.2517714940000e+04  ms.18l2.b1         3  7.3813905248769e-05  3.2018492026926e+01  2.3899505636597e+02  5.2512786896128e+01  5.0751501536249e+01
  2.2571166420000e+04  ms.17l2.b1         3 -4.1300237879469e-05  2.4262289383420e+02  2.9479781691002e+01  5.2610674470218e+01  5.0867967392471e+01
  2.2624617910000e+04  ms.16l2.b1         3  1.8313050721093e-05  3.6873939377677e+01  1.3117691755446e+02  5.2711691841516e+01  5.1020382123052e+01
  2.2678069390000e+04  ms.15l2.b1         3 -1.1117776167289e-05  1.2883638231829e+02  3.9164277105853e+01  5.2843768342061e+01  5.1163410425869e+01
  2.2731520870000e+04  ms.14l2.b1         3  7.3813905248769e-05  3.2011243650940e+01  2.3900073396514e+02  5.3012782533400e+01  5.1251502957206e+01
  2.2784972360000e+04  ms.13l2.b1         3 -4.1300237879469e-05  2.4163257813067e+02  2.9602605055306e+01  5.3110685056274e+01  5.1367944094425e+01
  2.2838423840000e+04  ms.12l2.b1         3  1.8313050721093e-05  3.2634501813794e+01  1.3236662586855e+02  5.3219812895565e+01  5.1518281011749e+01
  2.2893146330000e+04  ms.11l2.b1         3 -1.1117776167289e-05  1.2483014593373e+02  3.7983567246066e+01  5.3363299725283e+01  5.1676700422639e+01
  2.3765100730000e+04  ms.11r2.b1         3  2.9026171225896e-05  3.4909985767341e+01  1.6837188524301e+02  5.5791862087627e+01  5.3844716799661e+01
  2.3818553240000e+04  ms.12r2.b1         3 -1.6907344732046e-05  1.6782368316049e+02  2.9119148368771e+01  5.5907685100487e+01  5.3992342139109e+01
  2.3872001760000e+04  ms.13r2.b1         3  2.9026171225896e-05  3.1903225763152e+01  1.8423687115174e+02  5.6046967683908e+01  5.4114234668306e+01
  2.3925450270000e+04  ms.14r2.b1         3 -1.6907344732046e-05  1.8585347648360e+02  3.5253414572027e+01  5.6161875060221e+01  5.4236628339809e+01
  2.3978898790000e+04  ms.15r2.b1         3  2.9026171225896e-05  3.4099093243622e+01  1.6877962187237e+02  5.6285989338937e+01  5.4351474144105e+01
  2.4032347310000e+04  ms.16r2.b1         3 -1.6907344732046e-05  1.6273694643019e+02  3.4314561319125e+01  5.6405681656364e+01  5.4483224505675e+01
  2.4085795820000e+04  ms.17r2.b1         3  2.9026171225896e-05  3.1915399984353e+01  1.8343017034483e+02  5.6547242134962e+01  5.4594227082987e+01
  2.4139244340000e+04  ms.18r2.b1         3 -1.6907344732046e-05  1.8587491392561e+02  3.5648625226545e+01  5.6662114734290e+01  5.4716101948656e+01
  2.4192692850000e+04  ms.19r2.b1         3  2.9026171225896e-05  3.4087167067813e+01  1.6983625998132e+02  5.6786247032611e+01  5.4829739118237e+01
  2.4246141370000e+04  ms.20r2.b1         3 -1.6907344732046e-05  1.6271631995413e+02  3.3938286960636e+01  5.6905974933033e+01  5.4961905185977e+01
  2.4299589890000e+04  ms.21r2.b1         3  2.9026171225896e-05  3.1919207265241e+01  1.8214612554145e+02  5.7047535929057e+01  5.5074120542663e+01
  2.4353038400000e+04  ms.22r2.b1         3 -1.6907344732046e-05  1.8555127414304e+02  3.6061533988495e+01  5.7162393461810e+01  5.5195784926912e+01
  2.4406486920000e+04  ms.23r2.b1         3  2.9026171225896e-05  3.2641466783700e+01  1.7249173013301e+02  5.7290326036972e+01  5.5307434138921e+01
  2.4459935430000e+04  ms.24r2.b1         3 -1.6907344732046e-05  1.6400519179691e+02  3.2024616350283e+01  5.7412597099338e+01  5.5443551735496e+01
  2.4513383950000e+04  ms.25r2.b1         3  2.9026171225896e-05  3.2065841983710e+01  1.8020938280468e+02  5.7553142968870e+01  5.5560408668304e+01
  2.4566832460000e+04  ms.26r2.b1         3 -1.6907344732046e-05  1.8573511846584e+02  3.6227773677367e+01  5.7667611183094e+01  5.5682539211759e+01
  2.4620280980000e+04  ms.27r2.b1         3  2.9026171225896e-05  3.2494322033631e+01  1.7448681808683e+02  5.7795834955836e+01  5.5793112979785e+01
  2.4673729500000e+04  ms.28r2.b1         3 -1.6907344732046e-05  1.6385109770050e+02  3.1887244427811e+01  5.7918526973554e+01  5.5928574303071e+01
  2.4727178010000e+04  ms.29r2.b1         3  2.9026171225896e-05  3.2205198549465e+01  1.7817779188780e+02  5.8058743909264e+01  5.6046561925025e+01
  2.4834075040000e+04  ms.31r2.b1         3  2.9026171225896e-05  3.2355307446625e+01  1.7654847533263e+02  5.8301382920374e+01  5.6278974976130e+01
  2.4887523560000e+04  ms.32r2.b1         3 -1.6907344732046e-05  1.6374269032898e+02  3.1826819604945e+01  5.8424458279712e+01  5.6413546834334e+01
  2.4940972080000e+04  ms.33r2.b1         3  2.9026171225896e-05  3.2352791310400e+01  1.7609538718610e+02  5.8564299665008e+01  5.6532535965785e+01
  2.5047869110000e+04  ms.33l3.b1         3  2.9026171225896e-05  3.2207449596918e+01  1.7862553310980e+02  5.8806939669629e+01  5.6764986113633e+01
  2.5154766140000e+04  ms.31l3.b1         3  2.9026171225896e-05  3.2496546095018e+01  1.7404122336412e+02  5.9069836761212e+01  5.7018365484898e+01
  2.5208214660000e+04  ms.30l3.b1         3 -1.6907344732046e-05  1.8596590660833e+02  3.6315513134941e+01  5.9183295131893e+01  5.7143023418651e+01
  2.5261663170000e+04  ms.29l3.b1         3  2.9026171225896e-05  3.2063991731802e+01  1.8064620888818e+02  5.9312527736209e+01  5.7251174583352e+01
  2.5368560200000e+04  ms.27l3.b1         3  2.9026171225896e-05  3.2639894221596e+01  1.7207300811046e+02  5.9575353885332e+01  5.7504005071934e+01
  2.5422008720000e+04  ms.26l3.b1         3 -1.6907344732046e-05  1.8593426596689e+02  3.6203878043934e+01  5.9688521679559e+01  5.7629816417121e+01
  2.5475457230000e+04  ms.25l3.b1         3  2.9026171225896e-05  3.1920393114062e+01  1.8254615723700e+02  5.9818145611364e+01  5.7737493858636e+01
  2.5528905750000e+04  ms.24l3.b1         3 -1.6907344732046e-05  1.6376183279374e+02  3.2049263830095e+01  5.9942270188493e+01  5.7868522074363e+01
  2.5582354270000e+04  ms.23l3.b1         3  2.9026171225896e-05  3.2777626295360e+01  1.7025827010957e+02  6.0080857163159e+01  5.7989508688740e+01
  2.5635802780000e+04  ms.22l3.b1         3 -1.6907344732046e-05  1.8584647945471e+02  3.6028029950606e+01  6.0193769141149e+01  5.8116573640965e+01
  2.5689251300000e+04  ms.21l3.b1         3  2.9026171225896e-05  3.1710887743028e+01  1.8467706937091e+02  6.0323816528797e+01  5.8223960407721e+01
  2.5742699810000e+04  ms.20l3.b1         3 -1.6907344732046e-05  1.6268006980389e+02  3.3971285676358e+01  6.0449134308755e+01  5.8349069063048e+01
  2.5796148330000e+04  ms.19l3.b1         3  2.9026171225896e-05  3.4287832477692e+01  1.6760840426037e+02  6.0583988753136e+01  5.8467058453127e+01
  2.5849596850000e+04  ms.18l3.b1         3 -1.6907344732046e-05  1.8582917269858e+02  3.5604254572168e+01  6.0694008955025e+01  5.8596257233470e+01
  2.5903045360000e+04  ms.17l3.b1         3  2.9026171225896e-05  3.1698837113192e+01  1.8556213701838e+02  6.0824095946801e+01  5.8704093814621e+01
  2.5956493880000e+04  ms.16l3.b1         3 -1.6907344732046e-05  1.6270458710785e+02  3.4417445990922e+01  6.0949432322248e+01  5.8827794594999e+01
  2.6009942390000e+04  ms.15l3.b1         3  2.9026171225896e-05  3.4291263501514e+01  1.6703616840522e+02  6.1084262938211e+01  5.8945084631271e+01
  2.6063390910000e+04  ms.14l3.b1         3 -1.6907344732046e-05  1.8580669237439e+02  3.5134199417689e+01  6.1194284631449e+01  5.9075697859724e+01
  2.6116839430000e+04  ms.13l3.b1         3  2.9026171225896e-05  3.1822059445201e+01  1.8511449566849e+02  6.1324349118092e+01  5.9184308091847e+01
  2.6170287940000e+04  ms.12l3.b1         3 -1.6907344732046e-05  1.6381878381228e+02  3.2149513709486e+01  6.1448155309251e+01  5.9314422574162e+01
  2.6225007460000e+04  ms.11l3.b1         3  2.9026171225896e-05  3.0224281047658e+01  1.6514809970307e+02  6.1607981151966e+01  5.9435274031370e+01
  2.6658883200000e+04  end_marker       100  0.0000000000000e+00  1.2190974251181e+02  2.1299230023278e+02  6.2301766044584e+01  6.0311689310920e+01
